548.2
590.5
489
532.7
537.6
572.5
563.8
588.4
589.6
599
594.8
574.2
590.1
607.3
642.9
673.4
669.7
685
679.7
714.2
744.7
765
796.5
807.8
814.4
826.6
778.6
759
743.9
751.9
736.7
715.4
698.3
676.9
654
638.4
625.7
613.3
598.2
601.4
589.6
588
574.1
582
561.3
566.5
512.3
524.7
476.3
504.5
500.8
493
479.6
501.1
468.9
489.7
492
467
486.4
490.3
503.2
511.9
475.6
492.5
476.7
493
479.6
501.1
468.9
489.7
492
467
486.4
490.3
503.2
511.9
475.6
492.5
476.7
493
479.6
501.1
468.9
489.7
492
467
486.4
490.3
503.2
511.9
475.6
492.5
476.7
493
479.6
501.1
468.9
489.7
492
467
486.4
490.3
503.2
511.9
475.6
492.5
476.7
493
479.6
501.1
468.9
489.7
492
467
486.4
490.3
503.2
511.9
475.6
492.5
476.7
493
479.6
501.1
468.9
489.7
492
467
486.4
490.3
503.2
511.9
475.6
492.5
476.7
493
479.6
501.1
468.9
489.7
492
467
486.4
490.3
503.2
511.9
475.6
492.5
476.7
493
479.6
501.1
468.9
489.7
492
467
486.4
490.3
503.2
511.9
475.6
492.5
476.7
572.5
563.8
588.4
589.6
599
594.8
574.2
590.1
607.3
642.9
673.4
669.7
685
679.7
714.2
744.7
765
796.5
807.8
814.4
829.4
875.6
856.1
880
904.3
948.6
932.7
998.6
975.6
968.5
997.3
1014.7
1020
987.2
1056.3
1094.8
1100.1
1103.6
1152.6
1127.9
1059.8
1287.4
998.6
975.6
968.5
997.3
875.6
856.1
880
904.3
948.6
796.5
807.8
814.4
829.4
744.7
765
