79.4
85.3
64.8
65.9
71.7
72.4
75
78.8
81.7
81.6
84
86.7
79.6
77.4
68.3
71.9
76.7
79.4
85.3
64.8
65.9
71.7
72.4
75
78.8
81.7
81.6
84
86.7
79.6
77.4
68.3
71.9
76.7
79.4
85.3
64.8
65.9
71.7
72.4
75
78.8
81.7
81.6
84
86.7
79.6
77.4
68.3
71.9
76.7
79.4
85.3
64.8
65.9
71.7
72.4
75
78.8
81.7
81.6
84
86.7
79.6
77.4
68.3
71.9
76.7
79.4
85.3
64.8
65.9
71.7
72.4
75
78.8
81.7
81.6
84
86.7
79.6
77.4
68.3
71.9
76.7
79.4
85.3
64.8
65.9
71.7
72.4
75
78.8
81.7
81.6
84
86.7
79.6
77.4
68.3
71.9
76.7
79.4
85.3
64.8
65.9
71.7
72.4
75
78.8
81.9
85.5
91.7
93.8
97.4
101.6
107.3
112.4
123.7
118.5
126.3
114.8
119.2
111.2
114.9
112.5
108.3
104.2
100.9
91.7
8564
90.3
86.7
79.6
77.4
68.3
71.9
76.7
79.4
85.3
64.8
65.9
71.7
72.4
75
78.8
81.7
81.6
84
86.7
79.6
77.4
68.3
71.9
76.7
79.4
85.3
64.8
65.9
71.7
72.4
75
78.8
81.7
81.6
84
86.7
79.6
77.4
68.3
71.9
76.7
79.4
78.8
81.7
91.7
93.8
97.4
101.6
107.3
112.4
123.7
118.5
126.3
134.8
141.2
144.7
150
163.4
152.7
158.9
160.4
170.5
166.8
175.1
177.6
173.3
180.9
181
182.4
176.8
169.6
175.1
177.6
165.2
153.1
145.2
130.9
121.7
111.6
106.8
99.6
98.4
93.2
95.7
89.6
87.4
81.2
79.6
77.3
