31.4
29.8
30.2
32
31.9
27.6
24.8
29.5
35
34.1
37.9
34.6
31.5
32.5
28.9
29.3
30.3
33
31.4
34.5
31.4
29.8
30.2
32
31.9
27.6
24.8
29.5
35
34.1
37.9
34.6
31.5
32.5
28.9
29.3
30.3
33
31.4
34.5
31.4
29.8
30.2
32
31.9
27.6
24.8
29.5
35
34.1
37.9
34.6
31.5
32.5
28.9
29.3
30.3
33
31.4
34.5
31.9
27.6
24.8
29.5
35
34.1
37.9
34.6
31.5
32.5
28.9
29.3
30.3
33
37.9
39.6
40.4
41.9
44.8
45.6
47.9
48.7
51.3
49.6
45.8
47.1
48.2
46.9
44.3
45.1
42.7
41.1
40
38.5
41.2
39.8
37.9
35.5
36.7
34.1
34.5
31.4
29.8
30.2
32
31.9
27.6
24.8
29.5
35
34.1
37.9
34.6
31.5
32.5
28.9
29.3
30.3
33
31.4
34.5
31.4
29.8
30.2
32
31.9
27.6
24.8
29.5
35
34.1
37.9
34.6
31.5
32.5
28.9
29.3
30.3
33
31.4
34.5
31.4
29.8
30.2
32
31.9
27.6
24.8
29.5
35
34.1
37.9
34.6
31.5
32.5
28.9
29.3
30.3
33
31.4
34.5
31.4
29.8
30.2
32
31.9
27.6
24.8
29.5
35
34.1
37.9
34.6
32.5
28.9
29.3
30.3
33
31.4
34.5
31.4
29.8
30.2
32.5
28.9
29.3
30.3
33
31.4
34.5
31.4
29.8
30.2
32.5
28.9
29.3
30.3
33
38.4
39.6
40.4
41.9
44.8
45.6
47.9
48.7
51.3
49.6
52.2
57.6
58.9
54.7
59.5
61.3
60.8
62
63.9
64.1
57.4
58.6

