72.4
85.3
81.6
84
91.7
79.6
75
64.8
65.9
71.7
72.4
85.3
81.6
84
91.7
79.6
75
64.8
65.9
71.7
72.4
85.3
81.6
84
91.7
79.6
75
64.8
65.9
71.7
72.4
85.3
81.6
84
91.7
79.6
75
64.8
65.9
71.7
72.4
85.3
81.6
84
91.7
79.6
75
64.8
65.9
71.7
72.4
85.3
81.6
84
91.7
79.6
75
64.8
65.9
71.7
72.4
85.3
81.6
84
91.7
79.6
75
64.8
65.9
71.7
72.4
85.3
81.6
84
91.7
79.6
75
64.8
65.9
71.7
72.4
85.3
81.6
84
91.7
79.6
75
64.8
65.9
71.7
72.4
85.3
81.6
84
91.7
79.6
75
64.8
65.9
71.7
72.4
85.3
81.6
84
91.7
79.6
75
64.8
65.9
71.7
81.9
89.5
92.7
96.8
101.4
107
112.3
115.1
119.6
121.4
122.7
117.6
116.4
114.2
117.9
111.5
106.3
100
92.8
89.4
92.3
84
91.7
79.6
75
64.8
65.9
71.7
72.4
85.3
81.6
84
91.7
79.6
75
64.8
65.9
71.7
72.4
85.3
81.6
84
91.7
79.6
75
64.8
65.9
71.7
72.4
85.3
81.6
84
91.7
79.6
75
64.8
65.9
71.7
72.4
85.3
81.6
84
85.3
81.6
84
71.7
81.9
89.5
92.7
96.8
101.4
107
112.3
115.1
119.6
121.4
129.7
134.8
141.2
144.7
150
163.4
152.7
158.9
160.4
170.5
166.8
175.1
177.6
173.3
180.9
181
182.4
176.8
169.6
155.2
153.1
145.2
130.9
121.7
111.6
106.8
99.6
98.4
93.2
95.7
89.6
87.4
81.2
79.6