15.6
19.4
13.8
22.3
26.4
21.8
27.9
31.4
26.8
16.8
14.9
13
18.6
17.3
12.5
13.4
19.9
21.6
15.6
19.4
13.8
22.3
26.4
21.8
27.9
31.4
26.8
16.8
14.9
13
18.6
17.3
12.5
13.4
19.9
21.6
15.6
19.4
13.8
22.3
26.4
21.8
27.9
31.4
26.8
16.8
14.9
13
18.6
17.3
12.5
13.4
19.9
21.6
15.6
19.4
13.8
22.3
26.4
21.8
27.9
31.4
26.8
16.8
14.9
13
18.6
17.3
12.5
13.4
19.9
21.6
15.6
19.4
13.8
22.3
26.4
21.8
27.9
31.4
26.8
16.8
14.9
13
18.6
17.3
12.5
13.4
19.9
21.6
15.6
19.4
13.8
22.3
26.4
21.8
27.9
31.4
26.8
16.8
14.9
13
18.6
17.3
12.5
13.4
19.9
21.6
15.6
19.4
13.8
22.3
26.4
21.8
27.9
31.4
26.8
16.8
14.9
13
18.6
17.3
12.5
13.4
19.9
21.6
15.6
19.4
13.8
22.3
26.4
21.8
27.9
31.4
26.8
16.8
14.9
13
18.6
17.3
12.5
13.4
19.9
21.6
15.6
19.4
13.8
22.3
26.4
21.8
27.9
31.4
26.8
16.8
14.9
13
18.6
17.3
12.5
13.4
19.9
21.6
15.6
19.4
13.8
22.3
26.4
21.8
27.9
31.4
26.8
16.8
14.9
13
18.6
17.3
12.5
13.4
19.9
21.6
15.6
19.4
13.8
22.3
26.4
21.8
27.9
31.4
26.8
16.8
14.9
13
18.6
17.3
12.5
13.4
19.9
21.6
15.6
19.4
13.8
22.3
26.4
21.8
27.9
31.4
26.8
16.8
14.9
13
18.6
17.3
12.5
13.4
19.9
21.6
16.8
14.9
13
18.6