5.6
2.3
2.6
5.4
4.9
9.5
7.6
8.1
3.6
5.4
7
6.5
10.1
6.8
9.6
9
7.4
8.1
5.3
2.9
6.8
3.4
7.6
9.1
10
5.4
4.9
9.5
7.6
8.1
3.6
5.4
6.5
10.1
6.8
9.6
9
7.4
8.1
5.3
10.1
10.3
11.1
12.5
13.6
15.4
14
16.1
17.8
18.3
16.9
15
18
18.7
20.2
19.9
13.8
15.5
14.1
16.3
14.2
13.2
12.9
12.4
11.2
10.6
10.3
10.5
10
9.7
5.6
2.3
2.6
5.4
4.9
9.5
7.6
8.1
3.6
5.4
7
6.5
10.1
6.8
9.6
9
7.4
8.1
5.3
2.9
6.8
3.4
7.6
9.1
10
5.4
4.9
9.5
7.6
8.1
3.6
5.4
6.5
10.1
6.8
9.6
9
7.4
8.1
5.3
10.1
5.6
2.3
2.6
5.4
4.9
9.5
7.6
8.1
3.6
5.4
7
6.5
10.1
6.8
9.6
9
7.4
8.1
5.3
2.9
6.8
3.4
7.6
9.1
10
5.4
4.9
9.5
7.6
8.1
3.6
5.4
6.5
10.1
6.8
9.6
9
7.4
8.1
5.3
10.1
5.6
2.3
2.6
5.4
4.9
9.5
7.6
8.1
3.6
5.4
7
6.5
10.1
6.8
9.6
9
7.4
8.1
5.3
2.9
6.8
3.4
7.6
10.5
12.6
13.9
15.7
16.9
17.8
18.4
19.6
20
21.3
24
22.6
23.8
24.9
25.4
26.8
29
31
30.5
24.7
27.3
28.2
30.4
33.6
35.8
36.9
37.4
40.2
44.1
45
42.3
41.6
40.1
36
32.3
29.7
26.3
24.5
22.3
21.9
20.8
19.4
15.7
12.2
9.6