214
223
235
231
215
226
248
247
239
216
228
237
246
209
248
231
217
208
229
236
214
223
235
231
215
226
248
247
239
216
228
237
246
209
248
231
217
208
229
236
214
223
235
231
215
226
248
247
239
216
228
237
246
249
215
226
248
247
239
249
254
251
263
260
264
266
271
269
278
281
283
289
285
286
284
282
281
276
277
273
268
270
261
264
256
255
251
249
250
247
248
231
217
208
229
236
214
223
235
231
215
226
248
247
239
216
228
237
246
209
248
231
217
208
229
236
214
223
235
231
215
226
248
247
239
216
228
237
246
249
215
226
248
247
239
249
254
251
263
260
248
231
217
208
229
236
214
223
235
231
215
226
248
247
239
216
228
237
246
209
248
231
217
208
229
236
214
223
235
231
215
226
248
247
239
249
251
255
256
267
264
271
278
284
280
289
292
294
297
304
299
306
311
315
314
319
306
317
322
325
329
334
331
336
342
325
316
307
311
296
301
287
281
276
273
261
265
253
241
247