457
452
399
427
497
511
476
498
513
527
553
542
521
547
569
601
625
648
675
662
689
701
712
709
734
716
698
674
663
651
649
627
619
605
582
571
559
543
510
511
476
498
513
527
511
476
498
513
527
511
476
498
513
527
511
476
498
513
527
511
476
498
513
527
511
476
498
513
527
511
476
498
513
527
511
476
498
513
527
511
476
498
513
527
511
476
498
513
527
511
476
498
513
527
511
476
498
513
527
511
476
498
513
527
511
476
498
513
527
511
476
498
513
527
511
476
498
513
527
511
476
498
513
527
511
476
498
513
527
511
476
498
513
527
511
476
498
513
527
511
476
498
513
527
511
476
498
513
527
511
476
498
513
527
511
476
498
513
527
511
476
498
513
527
511
476
498
513
527
511
476
498
513
527
554
578
599
614
632
648
675
691
714
738
752
776
789
815
836
847
866
879
914
946
972
989
997
1005
986
1011
1014
1026
1048
1137
1254
1149
1121
1097
1036
996
942
910
876
834
779
741
684
651
623
588
